show processes memory location all
Sat Dec 26 05:14:12.216 UTC

node:	node0_4_CPU0


---------------------------------------------------------------------------------
JID      Text(KB)   Data(KB)  Stack(KB) Dynamic(KB) Process                       
------ ---------- ---------- ---------- ----------- ------------------------------
236             4     873936        136       98638 fia_driver                    
267            48    1602208        136       66206 npu_driver                    
233          1812    1577848        136       49192 l2fib_mgr                     
189          5736    1572536        136       44614 fib_mgr                       
193             4     416104        136       16874 statsd_manager_l              
204           128     689136        136       16236 sdr_invmgr                    
135           400     609732        136       13921 sysdb_mc                      
65569          56     216004        136       11974 ds                            
194             8    1540288        136       11781 qos_ea                        
224           144     353272        136        8925 slice_mgr_proxy               
53             32     475888        136        7819 dsr                           
187          1132    1326832        136        7279 gsp                           
134           200     802788        136        6668 bundlemgr_adj                 
164             4     532472        136        6204 sysdb_svr_local               
141           308     736932        136        6107 netio                         
214           496     337764        136        5866 calv_alarm_mgr                
137          1668    1462048        136        5018 bfd_agent                     
257           824     866864        136        3876 ipv4_mfwd_partner             
171            80     534228        136        3837 eem_ed_sysmgr                 
238           260    1130528        136        3826 aib                           
162           220    1530648        136        3713 vlan_ea                       
175           992     667636        136        3459 ipv6_nd                       
273           776     800136        136        3325 ipv6_mfwd_partner             
281            16     401132        136        3191 file_system_diag              
268           264    1530936        136        3155 pbr_ea                        
167             4     467708        136        3008 ifmgr                         
321             8    1530000        136        2996 pfilter_ea                    
180           156    1530616        136        2949 span_ea                       
261           656     269984        136        2729 pm_ma                         
219           192    1194816        136        2633 resmon                        
51           1496    1468476        136        2597 processmgr                    
272           268     931816        136        2417 bundlemgr_ea                  
229            56    1061876        136        2364 intf_ea                       
212           544     401248        136        2339 rsi_agent                     
128           176    1327232        136        2279 tunl_gre_ea                   
195           552     468464        136        2247 bundlemgr_local               
163           520     599728        136        2236 ipv6_ma                       
155           208    1524196        136        2167 rdsfs_svr                     
190           236    1128568        136        2095 pifibm_server_lc              
202            40     600928        136        2010 sse_fib_stats_edm             
210           152     334968        136        1985 ether_caps_partner            
262           388     600592        136        1819 lldp_agent                    
132            28    1542276        136        1801 sse_tcam_mgr                  
230           516     534388        136        1787 ipv4_ma                       
312           244     683396        136        1757 sdr_instagt                   
159           592     468580        136        1740 arp                           
259           244     996020        136        1737 ipv4_io                       
112           352     601324        136        1638 spp                           
174           228     401928        136        1559 pfilter_ma                    
275            64     333392        136        1507 pea                           
124           108     469136        136        1460 l2snoop                       
315           120     468100        136        1436 fsm                           
227           156     533536        136        1415 ipv6_io                       
256            28     467400        136        1395 ether_sock                    
184           140     601092        136        1391 flowtrap                      
114           148     927600        136        1358 qsm                           
304             8     995688        136        1342 spio_ea                       
201            68     333092        136        1280 vm-monitor                    
222            80     732308        136        1203 ipv6_ea                       
185           256    1192696        136        1203 cfgmgr-lc                     
270           148     732100        136        1172 stats_svr                     
209           108     665960        136        1148 mpls_io_ea                    
231           140     401560        136        1143 mpls_io                       
143           884     333692        136        1138 qos_ma                        
116            12     464772        136        1070 syslog_dev                    
235           156     532848        136        1053 edrm_svr                      
283           144     334716        136        1043 cdp                           
260           188     467484        136        1008 clns                          
140            44     599272        136         942 sse_uidb_svr                  
243             4     335164        136         935 spio_ma                       
228            64     267276        136         896 ssh_key_client                
154           192     270252        136         892 mpls_fwd_show_proxy           
234           120     400120        136         840 iphc_ma                       
223           128     400636        136         817 fhrp_output                   
280            40     399604        136         814 dumper                        
153            16     267492        136         805 procfs_server                 
188            52     267608        136         789 imaedm_server                 
196            68     333548        136         786 nfma                          
239           140     532284        136         782 packet                        
232           156     332928        136         768 ntpdc                         
149            40     333612        136         760 statsd_server                 
309            36     332676        136         756 nd_partner                    
111            60     662656        136         751 syslogd_helper                
208            60     398192        136         742 ssm_process                   
182            28     268004        136         712 panini_fwdlib_server          
176            44     596736        136         685 enf_broker                    
146            88     268020        136         678 fwd_driver_partner            
113            64     334068        136         662 shmwin_svr                    
218           120     464504        136         651 sld                           
317             8     333568        136         607 icpe_sdep                     
306           156     267536        136         597 pbr_ma                        
221            64     267484        136         582 showd_lc                      
130            48     267484        136         580 cerrno_server                 
186            56     266856        136         578 bundlemgr_checker             
144            16     267488        136         578 pak_capture_partner           
121            28     333548        136         573 ltrace_sync                   
133            24     266860        136         572 netio_debug_partner           
308            20     267488        136         556 sh_proc_mem_edm               
237            32     267488        136         556 sysmgr_show_proc_all_edm      
203            24     266368        136         556 debug_d                       
136            16     267488        136         554 cmp_edm                       
319             8     267488        136         553 mempool_edm                   
241            16     266968        136         553 media_server                  
206            12     266856        136         553 timezone_notify               
323            16     267480        136         552 procfind                      
278             8     266860        136         552 sse_plu_resmon                
245            72     266860        136         552 ixdb_gc                       
310            36     399484        136         550 ltrace_server                 
169             8     331876        136         550 aipc_cleaner                  
118             8     267484        136         549 showd_server                  
263             8     267476        136         547 meminfo_svr                   
66062          12     135280        136         515 sh_proc_memory                
69630         952        664        136           0 bash                          
69141          32        188        136           0 agetty                        
69135          32        188        136           0 agetty                        
69026         952        716        136           0 sh                            
68879          48        692        528           0 crond                         
68833         376     156236        136           0 libvirtd                      
68815         176        172        136           0 lighttpd                      
68802         152        176        136           0 xinetd                        
68783          24       3484        136           0 klogd                         
68778          36        176        136           0 syslogd                       
68713          44        204        136           0 rpcbind                       
68703         700        428        136           0 sshd                          
68685         396        200        136           0 dbus-daemon                   
68228         156        288        136           0 udevd                         
68195         952        708        136           0 bash                          
68172         952        200        136           0 bash                          
67364         156        284        136           0 udevd                         
66084         952        732        136           0 bash                          
66061         952        424        136           0 sh                            
66060          32        172        136           0 sleep                         
1             280        336        136           0 init                          

node:	node1_6_CPU0


---------------------------------------------------------------------------------
JID      Text(KB)   Data(KB)  Stack(KB) Dynamic(KB) Process                       
------ ---------- ---------- ---------- ----------- ------------------------------
289             4     969072        136      120827 fia_driver                    
185          1812    1579948        136       48879 l2fib_mgr                     
162          5736    1573648        136       44918 fib_mgr                       
279            48    1577908        136       33614 npu_driver                    
324             4     416104        136       16851 statsd_manager_l              
287           128     689028        136       16175 sdr_invmgr                    
314           400     609732        136       13908 sysdb_mc                      
65599          56     215892        136       11974 ds                            
317             8    1542220        136       11384 qos_ea                        
198           144     353128        136        8786 slice_mgr_proxy               
53             32     475888        136        7819 dsr                           
247          1132    1326676        136        7353 gsp                           
236           200    1000964        136        6887 bundlemgr_adj                 
153           496     337764        136        5866 calv_alarm_mgr                
315             4     532476        136        5462 sysdb_svr_local               
195          1668    1528100        136        5227 bfd_agent                     
319           260    1262708        136        3895 aib                           
286           220    1533344        136        3861 vlan_ea                       
159           824    1065044        136        3848 ipv4_mfwd_partner             
259            80     534228        136        3837 eem_ed_sysmgr                 
135           308     668624        136        3755 netio                         
255           992     667620        136        3446 ipv6_nd                       
321           264    1533692        136        3318 pbr_ea                        
316           776     998424        136        3295 ipv6_mfwd_partner             
160            16     401132        136        3191 file_system_diag              
252             8    1532760        136        3151 pfilter_ea                    
155           156    1533372        136        3111 span_ea                       
118             4     467444        136        2865 ifmgr                         
194           192    1194816        136        2658 resmon                        
51           1496    1468476        136        2595 processmgr                    
226           268    1063996        136        2484 bundlemgr_ea                  
235           208    1525228        136        2436 rdsfs_svr                     
224            56    1193980        136        2433 intf_ea                       
223           552     468464        136        2391 bundlemgr_local               
241           176    1525468        136        2379 tunl_gre_ea                   
230           544     401248        136        2338 rsi_agent                     
285           236    1260732        136        2168 pifibm_server_lc              
216           520     599728        136        2168 ipv6_ma                       
269            40     666980        136        2058 sse_fib_stats_edm             
266           656     269188        136        1997 pm_ma                         
148           152     334968        136        1970 ether_caps_partner            
132            28    1529148        136        1939 sse_tcam_mgr                  
254           244    1062076        136        1779 ipv4_io                       
157           244     683396        136        1757 sdr_instagt                   
323           516     534388        136        1748 ipv4_ma                       
203           592     468456        136        1736 arp                           
113           352     601328        136        1711 spp                           
237           388     600592        136        1692 lldp_agent                    
248             8    1127792        136        1538 spio_ea                       
150           228     401928        136        1530 pfilter_ma                    
133            28     533452        136        1527 ether_sock                    
222            64     333388        136        1507 pea                           
151           108     534672        136        1460 l2snoop                       
299           156     533536        136        1415 ipv6_io                       
262           140     600964        136        1408 flowtrap                      
114           148     927600        136        1357 qsm                           
130           120     468100        136        1351 fsm                           
134            68     268076        136        1278 vm-monitor                    
187            80     798360        136        1239 ipv6_ea                       
277           148     798152        136        1215 stats_svr                     
189           256    1258748        136        1200 cfgmgr-lc                     
271           108     732060        136        1182 mpls_io_ea                    
311           140     401564        136        1143 mpls_io                       
270           884     333692        136        1117 qos_ma                        
227           156     532872        136        1073 edrm_svr                      
115            12     464776        136        1070 syslog_dev                    
142           144     334716        136        1040 cdp                           
125           188     467484        136         994 clns                          
278            44     665324        136         986 sse_uidb_svr                  
200           128     400636        136         945 fhrp_output                   
145             4     335164        136         935 spio_ma                       
284            64     266764        136         898 ssh_key_client                
288           192     270252        136         893 mpls_fwd_show_proxy           
258           120     400120        136         840 iphc_ma                       
214            40     399604        136         814 dumper                        
263            16     267492        136         805 procfs_server                 
217            52     267608        136         790 imaedm_server                 
197            68     333548        136         786 nfma                          
123           140     532284        136         782 packet                        
196           156     332932        136         768 ntpdc                         
322            40     333612        136         760 statsd_server                 
186            36     332676        136         757 nd_partner                    
117            60     662660        136         751 syslogd_helper                
309            60     398192        136         742 ssm_process                   
161            28     268004        136         712 panini_fwdlib_server          
201            44     596736        136         687 enf_broker                    
128            88     268020        136         673 fwd_driver_partner            
111            64     334068        136         662 shmwin_svr                    
147           120     464508        136         651 sld                           
280             8     333568        136         607 icpe_sdep                     
232           156     267540        136         598 pbr_ma                        
295            64     266968        136         581 showd_lc                      
199            48     267484        136         580 cerrno_server                 
156            16     267488        136         579 pak_capture_partner           
137            56     266344        136         576 bundlemgr_checker             
245            28     333548        136         573 ltrace_sync                   
192            24     266864        136         573 netio_debug_partner           
282            32     267488        136         556 sysmgr_show_proc_all_edm      
242            24     266372        136         556 debug_d                       
229            20     266972        136         556 sh_proc_mem_edm               
251            16     266972        136         554 cmp_edm                       
260             8     267488        136         553 mempool_edm                   
253            16     266968        136         553 media_server                  
228            12     266344        136         553 timezone_notify               
190            72     266864        136         552 ixdb_gc                       
139             8     266348        136         552 sse_plu_resmon                
119            16     266964        136         552 procfind                      
294             8     332396        136         550 aipc_cleaner                  
126            36     398972        136         550 ltrace_server                 
221             8     266968        136         549 showd_server                  
303             8     266964        136         548 meminfo_svr                   
66784          12     135280        136         515 sh_proc_memory                
69145          32        188        136           0 agetty                        
69135          32        188        136           0 agetty                        
69086         156        284        136           0 udevd                         
69037         952        740        136           0 sh                            
68890          48        692        528           0 crond                         
68844         376     156236        136           0 libvirtd                      
68826         176        172        136           0 lighttpd                      
68812         152        176        136           0 xinetd                        
68794          24       3464        136           0 klogd                         
68789          36        176        136           0 syslogd                       
68724          44        204        136           0 rpcbind                       
68714         700        428        136           0 sshd                          
68696         396        200        136           0 dbus-daemon                   
68225         156        288        136           0 udevd                         
68188         952        708        136           0 bash                          
68169         952        200        136           0 bash                          
66783         952        452        136           0 sh                            
66782          32        172        136           0 sleep                         
66104         952        732        136           0 bash                          
65554         952        664        136           0 bash                          
1             280        336        136           0 init                          

node:	node0_RP1_CPU0


---------------------------------------------------------------------------------
JID      Text(KB)   Data(KB)  Stack(KB) Dynamic(KB) Process                       
------ ---------- ---------- ---------- ----------- ------------------------------
401          1812    1504404        136       47506 l2fib_mgr                     
1061         2340    2094320        136       31044 bgp                           
1136          436     677700        136       21586 sdr_mgbl_proxy                
1057         3180     618068        136       18796 rsvp                          
232           316    1146908        136       18718 parser_server                 
404             4     416092        136       17097 statsd_manager_l              
1177            4     548220        136       16894 statsd_manager_g              
154           128     756000        136       16390 sdr_invmgr                    
347           400     609732        136       16121 sysdb_mc                      
69584          56     218780        136       14717 ds                            
141           248     877548        136       13107 nvgen_server                  
1027         2768    1402844        136       12115 ospf                          
1028         2768    1270064        136       11105 ospf                          
1026         2768    1270048        136       11086 ospf                          
334           176     420368        136       10071 fpd-serv                      
1180          840    1265504        136       10029 ipv4_rib                      
1182          840     870924        136        9873 ipv6_rib                      
389            16    1198668        136        9703 mibd_entity                   
174           444    2323936        136        9448 tcp                           
308          1132    1591424        136        8419 gsp                           
53             32     475872        136        7821 dsr                           
1036         1568     935068        136        7571 ospfv3                        
1010         3564     937664        136        6972 isis                          
1011         3564     871068        136        6662 isis                          
159           200     603124        136        6523 bundlemgr_adj                 
1012         3564     870912        136        6502 isis                          
1213         2980    1263408        136        5932 mpls_ldp                      
386             4     598656        136        5909 sysdb_svr_local               
1013         3564     804388        136        5805 isis                          
382           496     337748        136        5716 calv_alarm_mgr                
319           148     403324        136        5699 rmf_svr                       
1001         1268    1459400        136        5645 snmpd                         
1215         5624     935008        136        5360 l2vpn_mgr                     
190          5736    1460604        136        4970 fib_mgr                       
398           992     800520        136        4757 ipv6_nd                       
394            80     534220        136        3831 eem_ed_sysmgr                 
295           132    2054644        136        3785 raw_ip                        
1050            4     800924        136        3721 ipv4_static                   
403           208    1917800        136        3458 rdsfs_svr                     
1185          396     337420        136        3449 policy_repository             
1076          636    1001900        136        3382 bpm                           
229           308     930540        136        3350 netio                         
131            16    1062768        136        3277 mibd_interface                
231           260     402576        136        3243 aib                           
51           1496    1668440        136        3202 processmgr                    
254             4     467524        136        3194 ifmgr                         
315            16     401176        136        3185 file_system_diag              
135           776     534512        136        3117 ipv6_mfwd_partner             
230           520     797984        136        3034 ipv6_ma                       
265           196    1921184        136        2931 udp                           
272           192    1195080        136        2870 resmon                        
134           824     534576        136        2861 ipv4_mfwd_partner             
399           544     401528        136        2705 rsi_agent                     
326            16     797160        136        2602 mibd_infra                    
221            16     797160        136        2573 mibd_route                    
1193            4     732448        136        2504 ipv6_local                    
1192            4     732448        136        2504 ipv6_connected                
1190            4     666292        136        2446 ipv4_connected                
1191            4     666292        136        2445 ipv4_local                    
1163          148     400704        136        2148 srms                          
132            52     664656        136        2084 eth_mgmt                      
350           292     730356        136        2058 correlatord                   
248           152     335204        136        1972 ether_caps_partner            
380           244     816000        136        1845 sdr_instagt                   
352           516     533484        136        1744 ipv4_ma                       
247           188     729804        136        1736 clns                          
354           592     533036        136        1711 arp                           
166           360    1854676        136        1676 cfgmgr-rp                     
115           148     927432        136        1542 qsm                           
268            84     532996        136        1535 http_client                   
127           156     466860        136        1457 ipv6_io                       
379           228     399824        136        1453 pfilter_ma                    
227           244     598488        136        1420 ipv4_io                       
288           220     665940        136        1374 ipsec_pp                      
397            68     399368        136        1305 vm-monitor                    
129           108     533020        136        1283 l2snoop                       
226           216     399864        136        1251 pifibm_server_rp              
310           428     728856        136        1236 placed                        
1199           60     272496        136        1223 bgp_epe                       
138            28     465456        136        1202 ether_sock                    
346            76     466632        136        1198 tftp_fs                       
192           144     334396        136        1163 cdp                           
328           140     399912        136        1113 mpls_io                       
285           312     400224        136        1079 ntpd                          
116            12     464768        136        1076 syslog_dev                    
217           124     333176        136        1046 alarm-logger                  
177           176     268752        136        1024 tunl_gre_ea                   
246           140     268012        136        1014 flowtrap                      
1175          256     400116        136        1006 mpls_static                   
113           352     467572        136         991 spp                           
293           116     266800        136         967 fia_cfg                       
261             4     335112        136         915 spio_ma                       
396            24     267104        136         914 crypto_edm                    
283            52     267600        136         913 imaedm_server                 
122            40     333600        136         905 statsd_server                 
168           256     536320        136         891 syslogd                       
406            64     266632        136         890 ssh_key_client                
111             8     598740        136         856 devc-conaux-con               
1207           72     332836        136         853 ipv4_rump                     
1208          112     332824        136         845 ipv6_rump                     
118             8     598712        136         828 devc-conaux-aux               
158            40     399588        136         810 dumper                        
316           140     532288        136         806 packet                        
133            16     267480        136         800 procfs_server                 
114            60     728716        136         748 syslogd_helper                
179            60     398084        136         737 ssm_process                   
408            80     333608        136         735 ipv6_ea                       
287            48     333628        136         733 lpts_fm                       
160            64     266972        136         731 showd_lc                      
169           108     333744        136         716 mpls_io_ea                    
1114           80     267012        136         712 isis_uv                       
391            36     267308        136         699 ipv6_assembler                
1210          128     267024        136         683 rt_check_mgr                  
144            44     596724        136         680 enf_broker                    
215            16     266688        136         677 local_sock                    
289            12     266684        136         674 nsr_fo                        
266            88     268016        136         667 fwd_driver_partner            
355           116     266504        136         652 fab_proxy                     
123            32     267032        136         651 rmf_cli_edm                   
264            20     267012        136         649 wdsysmon_fd_edm               
281            28     398720        136         646 timezone_config               
329            16     266496        136         645 shelf_mgr_proxy               
278           120     464496        136         645 sld                           
119            64     267516        136         635 shmwin_svr                    
384            24     332944        136         625 debug_d                       
280            16     267600        136         614 nsr_ping_reply                
267            32     268552        136         603 ncd                           
402           220     333060        136         602 vlan_ea                       
257            16     267476        136         597 cmp_edm                       
286            36     465012        136         594 ltrace_server                 
336            16     266968        136         583 chkpt_proxy                   
345            48     266968        136         580 cerrno_server                 
124            20     399076        136         576 redstatsd                     
271            28     333536        136         568 ltrace_sync                   
314            56     266348        136         560 bundlemgr_checker             
348            32     266996        136         556 tty_show_users_edm            
173            36     298592        136         556 bag_schema_svr                
341            20     267492        136         550 sh_proc_mem_edm               
333            16     266340        136         550 ipodwdm                       
151            32     266976        136         550 sysmgr_show_proc_all_edm      
381            16     266960        136         547 media_server                  
357             8     266976        136         547 mempool_edm                   
297            16     266968        136         546 procfind                      
1128           44     266384        136         545 ospf_uv                       
282             8     266368        136         545 mpa_fm_svr                    
1129           32     266332        136         543 ospfv3_uv                     
194             8     267484        136         543 showd_server                  
187             8     331868        136         542 aipc_cleaner                  
274             8     267484        136         541 meminfo_svr                   
66683          12     200808        136         509 sh_proc_memory                
66738          16     266368        136         478 tty_exec_launcher             
69549         952        664        136           0 bash                          
69340         156        336        136           0 udevd                         
68934         952        804        136           0 sh                            
68833         156        284        136           0 udevd                         
68790          48        692        524           0 crond                         
68744         376     156236        136           0 libvirtd                      
68726         176        172        136           0 lighttpd                      
68712         152        176        136           0 xinetd                        
68694          24       3464        136           0 klogd                         
68689          36        176        136           0 syslogd                       
68624          44        204        136           0 rpcbind                       
68614         700        428        136           0 sshd                          
68596         396        200        136           0 dbus-daemon                   
68123         156        340        136           0 udevd                         
68087         952        676        136           0 bash                          
68067         952        200        136           0 bash                          
67458           8      15900        136           0 perl                          
67393           8      16024        136           0 perl                          
67344           8      19740        136           0 perl                          
66682         952        452        136           0 sh                            
66651          32        172        136           0 sleep                         
66008         952        732        136           0 bash                          
1             280        336        136           0 init                          

node:	node0_RP0_CPU0


---------------------------------------------------------------------------------
JID      Text(KB)   Data(KB)  Stack(KB) Dynamic(KB) Process                       
------ ---------- ---------- ---------- ----------- ------------------------------
405          1812    1504412        136       47585 l2fib_mgr                     
1061         2340    2356572        136       29697 bgp                           
1182          840    1021552        136       23722 ipv6_rib                      
1180          840    1411664        136       22522 ipv4_rib                      
1136          436     677700        136       20496 sdr_mgbl_proxy                
407           316    1148000        136       18723 parser_server                 
1057         3180     615992        136       18211 rsvp                          
1177            4     548220        136       17659 statsd_manager_g              
337             4     416088        136       17095 statsd_manager_l              
395           128     756276        136       16624 sdr_invmgr                    
232           400     609732        136       16317 sysdb_mc                      
69571          56     220124        136       16033 ds                            
1215         5624    1801992        136       14498 l2vpn_mgr                     
180           248     877548        136       13097 nvgen_server                  
1027         2768    1535060        136       12884 ospf                          
1028         2768    1402956        136       12570 ospf                          
1026         2768    1336744        136       12549 ospf                          
396           176     421604        136       10833 fpd-serv                      
132            16    1199276        136       10382 mibd_entity                   
179          1132    1393188        136       10343 gsp                           
1010         3564    1663092        136        9750 isis                          
369           444    2323940        136        9745 tcp                           
1011         3564    1531088        136        9610 isis                          
1012         3564    1531020        136        9451 isis                          
1013         3564    1530240        136        8583 isis                          
53             32     475872        136        7818 dsr                           
1036         1568     936020        136        7694 ospfv3                        
176           200     537588        136        6523 bundlemgr_adj                 
351           148     534912        136        6171 rmf_svr                       
235             4     598656        136        5958 sysdb_svr_local               
1001         1268    1460004        136        5954 snmpd                         
168           496     337776        136        5906 calv_alarm_mgr                
1213         2980    1329428        136        5551 mpls_ldp                      
139             8     271740        136        5389 mpa_fm_svr                    
375          5736    1460316        136        4715 fib_mgr                       
404            16    1196044        136        4524 mibd_interface                
308           992     866560        136        4508 ipv6_nd                       
131            16     797920        136        4221 mibd_route                    
1076          636    1001520        136        3959 bpm                           
373            80     534220        136        3831 eem_ed_sysmgr                 
169           132    1988592        136        3647 raw_ip                        
358           208    1983548        136        3556 rdsfs_svr                     
152           112     598636        136        3459 bcdls                         
1185          396     337416        136        3440 policy_repository             
51           1496    2070140        136        3371 processmgr                    
364           308     930532        136        3358 netio                         
406           520     731936        136        3295 ipv6_ma                       
259             4     467660        136        3288 ifmgr                         
326           260     402484        136        3243 aib                           
1050            4     798944        136        3206 ipv4_static                   
153           112     598636        136        3202 bcdls                         
250            16     401124        136        3185 file_system_diag              
281           824     534576        136        3117 ipv4_mfwd_partner             
170           776     534508        136        3117 ipv6_mfwd_partner             
279            16     929648        136        2966 mibd_infra                    
173           196    1921188        136        2955 udp                           
374           192    1195080        136        2951 resmon                        
172           544     401524        136        2717 rsi_agent                     
1193            4     732404        136        2503 ipv6_local                    
1190            4     666268        136        2437 ipv4_connected                
1191            4     666268        136        2434 ipv4_local                    
217           152     335612        136        2380 ether_caps_partner            
1192            4     732292        136        2373 ipv6_connected                
322           292     598928        136        2215 correlatord                   
403            52     664656        136        2087 eth_mgmt                      
1199           60     339400        136        1989 bgp_epe                       
312           416     533340        136        1894 kim                           
246           244     815984        136        1792 sdr_instagt                   
283           516     533484        136        1744 ipv4_ma                       
318           188     729804        136        1738 clns                          
1163          148     400276        136        1722 srms                          
194           220     665940        136        1682 ipsec_pp                      
1175          256     466164        136        1680 mpls_static                   
384           592     533084        136        1658 arp                           
357           360    1854568        136        1631 cfgmgr-rp                     
175            84     532996        136        1537 http_client                   
123           216     399864        136        1507 pifibm_server_rp              
113           148     928240        136        1500 qsm                           
275           156     532684        136        1457 ipv6_io                       
331           228     399820        136        1449 pfilter_ma                    
215           244     598488        136        1420 ipv4_io                       
393           312     400220        136        1369 ntpd                          
1210          128     597424        136        1320 rt_check_mgr                  
130            68     399880        136        1303 vm-monitor                    
286           108     533020        136        1283 l2snoop                       
398           428     860944        136        1240 placed                        
282            76     532684        136        1200 tftp_fs                       
165            28     465412        136        1200 ether_sock                    
120           124     333176        136        1166 alarm-logger                  
193           144     334396        136        1165 cdp                           
325            68     333536        136        1161 nfma                          
162           140     399912        136        1113 mpls_io                       
119            12     464764        136        1081 syslog_dev                    
196           128     400052        136        1050 fhrp_output                   
249           176     268764        136        1034 tunl_gre_ea                   
251           140     268012        136        1014 flowtrap                      
118           352     467572        136         992 spp                           
278           116     267304        136         967 fia_cfg                       
386            24     267104        136         914 crypto_edm                    
372             4     335108        136         914 spio_ma                       
200            52     267604        136         914 imaedm_server                 
188            40     333596        136         904 statsd_server                 
354           256     536320        136         891 syslogd                       
307            64     267244        136         890 ssh_key_client                
115             8     598724        136         842 devc-conaux-con               
117             8     598696        136         813 devc-conaux-aux               
315            40     399588        136         810 dumper                        
171           140     532284        136         807 packet                        
371            16     266964        136         799 procfs_server                 
114            60     728712        136         751 syslogd_helper                
400            60     398084        136         737 ssm_process                   
381            80     333604        136         735 ipv6_ea                       
225            48     333628        136         733 lpts_fm                       
244            64     266972        136         731 showd_lc                      
1114           80     267144        136         726 isis_uv                       
1207           72     332696        136         724 ipv4_rump                     
256           108     333744        136         716 mpls_io_ea                    
1208          112     332564        136         715 ipv6_rump                     
146           192     268592        136         711 mpls_fwd_show_proxy           
167            36     267308        136         699 ipv6_assembler                
149            44     596720        136         684 enf_broker                    
385            16     266688        136         679 local_sock                    
197            12     266684        136         675 nsr_fo                        
359            88     268016        136         667 fwd_driver_partner            
387           116     267020        136         653 fab_proxy                     
309            32     266500        136         651 rmf_cli_edm                   
348            20     266496        136         649 wdsysmon_fd_edm               
341            16     267012        136         646 shelf_mgr_proxy               
140            28     398720        136         646 timezone_config               
116            64     267512        136         645 shmwin_svr                    
129           120     464492        136         644 sld                           
182            16     267600        136         614 nsr_ping_reply                
285             8     333552        136         603 icpe_sdep                     
243            32     268552        136         603 ncd                           
230           220     333060        136         600 vlan_ea                       
342            16     267476        136         597 cmp_edm                       
399            16     267480        136         583 chkpt_proxy                   
177            48     266964        136         580 cerrno_server                 
124            20     399076        136         576 redstatsd                     
328            24     266888        136         575 debug_d                       
134            24     266864        136         569 netio_debug_partner           
360            28     333536        136         568 ltrace_sync                   
1128           44     266380        136         561 ospf_uv                       
135            56     266344        136         560 bundlemgr_checker             
1129           32     266328        136         558 ospfv3_uv                     
402            36     299076        136         556 bag_schema_svr                
324            32     266996        136         556 tty_show_users_edm            
219            36     266320        136         554 otn_sync                      
363            16     266336        136         550 ipodwdm                       
247            32     266976        136         550 sysmgr_show_proc_all_edm      
234            20     267492        136         550 sh_proc_mem_edm               
349            16     266960        136         547 media_server                  
133             8     266976        136         547 mempool_edm                   
128            16     267484        136         546 procfind                      
125            36     465008        136         545 ltrace_server                 
122             8     332380        136         543 aipc_cleaner                  
150             8     267480        136         541 showd_server                  
274             8     266964        136         540 meminfo_svr                   
66206          12     135272        136         509 sh_proc_memory                
276             8     266332        136         509 pam_manager                   
229             8     266316        136         497 tcam_mgr_rp                   
66709          16     266368        136         478 tty_exec_launcher             
69531         952        664        136           0 bash                          
69322         156        668        136           0 udevd                         
68920         952        932        136           0 sh                            
68815         156        412        136           0 udevd                         
68772          48        692        528           0 crond                         
68726         376     156236        136           0 libvirtd                      
68708         176        172        136           0 lighttpd                      
68694         152        176        136           0 xinetd                        
68676          24       3484        136           0 klogd                         
68671          36        176        136           0 syslogd                       
68606          44        204        136           0 rpcbind                       
68596         700        428        136           0 sshd                          
68578         396        200        136           0 dbus-daemon                   
68150         156        740        136           0 udevd                         
68117         952        672        136           0 bash                          
68094         952        200        136           0 bash                          
66205         952        452        136           0 sh                            
66184          32        172        136           0 sleep                         
65990         952        732        136           0 bash                          
65945           8      15900        136           0 perl                          
65856           8      19728        136           0 perl                          
65811           8      16028        136           0 perl                          
1             280        336        136           0 init                          

node:	node1_RP0_CPU0


---------------------------------------------------------------------------------
JID      Text(KB)   Data(KB)  Stack(KB) Dynamic(KB) Process                       
------ ---------- ---------- ---------- ----------- ------------------------------
236          1812    1638216        136       50015 l2fib_mgr                     
1118          916     430460        136       30565 lspv_server                   
397           316    1545228        136       27045 parser_server                 
242            92     560880        136       23368 invmgr_proxy                  
1196         4496    1346660        136       21148 pim6                          
1195         4376    1477368        136       19892 pim                           
69594          56     223228        136       18981 ds                            
310           400     609732        136       17374 sysdb_mc                      
387             4     416092        136       17102 statsd_manager_l              
1218           80     289376        136       16780 schema_server                 
350           128     756276        136       16573 sdr_invmgr                    
281           760    1144396        136       15287 pm_collector                  
1059        10080    1407840        136       14196 te_control                    
301           248     943608        136       13431 nvgen_server                  
1189          988    1338556        144       13167 igmp                          
1194          860    1139200        136       12759 mld                           
1135          436     677700        136       12740 sdr_mgbl_proxy                
1137          436     677700        136       12171 sdr_mgbl_proxy                
1183         1464     942616        136       11997 mrib                          
148          1132    1393892        136       11752 gsp                           
1184         1340     809436        136       11344 mrib6                         
122           176     421644        136       10833 fpd-serv                      
213           444    2456048        136        9618 tcp                           
327           972    1002796        136        9218 mpls_lsd                      
152           224     671176        136        8426 issudir                       
1198         1556    1263452        136        7851 bfd                           
53             32     475872        136        7815 dsr                           
150           496     339676        136        7675 calv_alarm_mgr                
352           300    1060844        136        7262 eem_server                    
1219         1144     933996        136        6969 sdr_instmgr                   
319             4     598656        136        6761 sysdb_svr_local               
130           200     537588        136        6524 bundlemgr_adj                 
1205           12     612008        136        6455 telemetry_encoder             
391           148     403832        136        5900 rmf_svr                       
226           392     801308        136        5655 rsi_master                    
366             8     271744        136        5389 mpa_fm_svr                    
297           208    2577664        136        5056 rdsfs_svr                     
212          5736    1460320        136        4985 fib_mgr                       
221             4     861500        136        4881 sysdb_shared_sc               
1197         2336     800112        136        4724 bundlemgr_distrib             
1203           16     668520        136        4652 icpe_satmgr                   
1214         2964     800480        136        4517 xtc_agent                     
262           596     935692        136        4316 ipsec_mp                      
231           992     865972        136        4223 ipv6_nd                       
133            80     534224        136        4094 eem_ed_sysmgr                 
1216           60     272804        136        4081 cmpp                          
241             4     861500        136        4038 sysdb_shared_nc               
384           320     864828        136        3976 lpts_pa                       
381           192    1195080        136        3840 resmon                        
51           1496    1669464        136        3812 processmgr                    
154             4     468428        136        3715 ifmgr                         
175           308     930900        136        3572 netio                         
407           132    1988596        136        3496 raw_ip                        
240           776     534512        136        3374 ipv6_mfwd_partner             
222           260     402572        136        3246 aib                           
177            16     401124        136        3185 file_system_diag              
151           544     401684        136        3131 rsi_agent                     
256           824     534580        136        3118 ipv4_mfwd_partner             
1132          892     600132        136        3112 radiusd                       
1103          348    1130304        136        3104 flowspec_mgr                  
252           204     861536        136        3077 nrssvr                        
305           520     731892        136        3034 ipv6_ma                       
203           736    1590964        136        3006 call_home                     
401            96     864584        136        2993 ifindex_server                
324           196    1921188        136        2846 udp                           
273           112     597848        136        2822 bcdls                         
1204           12     273088        136        2773 python_process_manager        
196           336     599160        136        2751 ipv4_arm                      
244            92     532692        136        2702 eem_ed_generic                
1116          388     666816        136        2696 lldp_agent                    
309           428     994376        136        2696 placed                        
215             4     861500        136        2677 sysdb_svr_admin               
399           160     533712        136        2636 object_tracking               
235           524     731484        136        2522 l2rib                         
218           292     797172        136        2491 correlatord                   
140           320     599156        136        2456 ipv6_arm                      
1169          560     533312        136        2409 tunl_gre_ma                   
271           112     597852        136        2312 bcdls                         
272           112     597852        136        2311 bcdls                         
192           360    2845860        136        2268 cfgmgr-rp                     
1047          136     400912        136        2148 ip_smiap                      
263           100     664444        136        2148 ema_server_sdr                
347            52     664656        136        2096 eth_mgmt                      
398             4     861492        136        2064 sysdb_shared_data_nc          
197           312    1192920        136        2056 eem_policy_dir                
265           152     335336        136        2012 ether_caps_partner            
358            84     533436        136        1969 http_client                   
1211          156     400696        136        1940 pbr_ma                        
357            64     597960        136        1937 eem_ed_nd                     
208            64     596792        136        1864 eem_ed_stats                  
1212          884     399744        136        1812 qos_ma                        
246           312     665812        136        1794 ntpd                          
340           244     815856        136        1785 sdr_instagt                   
331            68     531256        136        1783 eem_ed_timer                  
313            56     531248        136        1783 eem_ed_none                   
283            44     531244        136        1783 eem_ed_test                   
214            48     531252        136        1782 eem_ed_counter                
322            56     531244        136        1781 eem_ed_config                 
328           256    1127692        136        1772 syslogd                       
371           204     795312        136        1758 bcdl_agent                    
369           204     796188        136        1758 bcdl_agent                    
205           204     861536        136        1751 nrssvr_global                 
344            40     465456        136        1732 vi_config_replicator          
386           592     533172        136        1707 arp                           
332           592     399904        136        1706 policymgr_rp                  
266           516     599024        136        1659 ipv4_ma                       
292            64     596820        136        1648 eem_ed_syslog                 
285           188     729808        136        1579 clns                          
1178          160     466496        136        1521 nfmgr                         
402           216     399868        136        1510 pifibm_server_rp              
348           124     465892        136        1505 alarm-logger                  
370           204     795672        136        1502 bcdl_agent                    
118           148     928240        136        1501 qsm                           
1186          168     466584        136        1464 ipv4_mpa                      
239           164     405872        136        1463 mpls_vpn_mib                  
1187          168     466584        136        1462 ipv6_mpa                      
361           228     399832        136        1461 pfilter_ma                    
1162          116     400540        136        1445 span_mgr                      
360           416     533060        136        1443 kim                           
1117           96     466036        136        1421 lldp_mgr                      
216           156     466860        136        1409 ipv6_io                       
368           204     861004        136        1393 bcdl_agent                    
249           132     730460        136        1388 ipv4_acl_mgr                  
317           140     399916        136        1372 mpls_io                       
1209           52     730464        136        1360 es_acl_mgr                    
385           208     664396        136        1357 ipv6_acl_daemon               
1176          172     534144        136        1324 intf_mgbl                     
300            68     399368        136        1304 vm-monitor                    
282           220     665944        136        1291 ipsec_pp                      
312           108     533020        136        1287 l2snoop                       
250           244     598064        136        1269 ipv4_io                       
116            12     530952        136        1248 syslog_dev                    
211           116     267712        136        1234 fia_cfg                       
1202           72     533456        136        1207 ftp_fs                        
290            28     465412        136        1206 ether_sock                    
201            76     532692        136        1204 tftp_fs                       
1173           20     666660        136        1171 xml_tty_agent                 
295            68     333536        136        1166 nfma                          
354            32     532904        136        1116 smartlicserver                
178           656     268016        136        1116 pm_ma                         
67326          76     664896        136        1088 exec                          
66364          76     664892        136        1078 exec                          
329             8     399980        136        1065 devc-vty                      
408           128     400056        136        1054 fhrp_output                   
254           168     664408        136        1054 cinetd                        
395            64     267212        136        1043 ssh_key_server                
392           176     268772        136        1043 tunl_gre_ea                   
232           540     863592        136        1020 locald_DLRSC                  
149           140     268020        136        1017 flowtrap                      
234            88     333180        136        1016 pm_server                     
1181          132     268352        136        1015 ipv6_mfwd_ma                  
1179          140     268396        136        1015 ipv4_mfwd_ma                  
230           100     598160        136        1010 plat_sl_client                
111           352     467576        136        1003 spp                           
338            52     268224        136         997 ip_aps                        
318            20     532736        136         966 es_acl_act_agent              
355            28     532784        136         963 ipv4_acl_act_agent            
349            68     598640        136         949 crypto_monitor                
146            16     532768        136         948 l2vpn_policy_reg_agent        
135            24     267776        136         931 crypto_edm                    
126             4     335120        136         923 spio_ma                       
245            52     267612        136         922 imaedm_server                 
1200          168     334280        136         920 domain_services               
308           116     332664        136         912 fab_proxy                     
199            40     333596        136         906 statsd_server                 
1165          112     532512        136         897 ssh_server                    
1086           24     333028        136         897 cdp_mgr                       
367            64     266620        136         892 ssh_key_client                
259            36     333096        136         888 nd_partner                    
112             8     598740        136         858 devc-conaux-con               
364            32     333604        136         845 rmf_cli_edm                   
117             8     598712        136         828 devc-conaux-aux               
258            16     332648        136         822 shelf_mgr_proxy               
267           140     532288        136         804 packet                        
66283         220     597884        136         785 sshd_child_handler            
321          1700     333848        136         769 cepki                         
139            20     267008        136         763 wdsysmon_fd_edm               
228            64     333540        136         739 showd_lc                      
400            60     398084        136         737 ssm_process                   
123            80     333604        136         737 ipv6_ea                       
284            48     268092        136         736 ip_app                        
1206            8     266684        136         725 tty_verifyd                   
202           108     333744        136         719 mpls_io_ea                    
1220           28    2381324        136         718 snmppingd                     
299           192     268596        136         716 mpls_fwd_show_proxy           
1107           32     267680        136         710 ip_expl_paths_daemon          
330            20     266976        136         708 sh_proc_mem_edm               
298            32     267528        136         706 ipv6_acl_cfg_agent            
153            36     267256        136         703 ipv6_assembler                
1221           12     267256        136         688 wanphy_proc                   
193            16     266652        136         688 local_sock                    
325            44     596720        136         686 enf_broker                    
115            64     267512        136         684 shmwin_svr                    
333            88     268016        136         671 fwd_driver_partner            
291            12     266684        136         662 nsr_fo                        
137            40     399588        136         658 dumper                        
233            12     465476        136         656 sconbkup                      
67313          60     464752        136         651 telnetd                       
134            28     398720        136         646 timezone_config               
303            16     266964        136         645 procfs_server                 
269           120     464492        136         644 sld                           
207            16     267600        136         614 nsr_ping_reply                
405             8     333576        136         612 icpe_sdep                     
136           220     333060        136         609 vlan_ea                       
302            32     268552        136         603 ncd                           
229            16     267476        136         597 cmp_edm                       
113            60     728712        136         592 syslogd_helper                
180            32     266836        136         588 loopback_caps_partner         
351            16     266964        136         583 chkpt_proxy                   
326            20     266888        136         583 debug_d_admin                 
390            48     333580        136         582 lpts_fm                       
406            48     266968        136         580 cerrno_server                 
288            56     333272        136         579 pim6_ma                       
346            56     333260        136         578 pim_ma                        
294            24     266864        136         578 netio_debug_partner           
1201           32     267496        136         576 ethernet_stats_controller_edm 
132            20     399076        136         576 redstatsd                     
179            20     267304        136         573 shcfghistory-edm              
138            28     266476        136         572 bgp_policy_reg_agent          
383            28     333536        136         568 ltrace_sync                   
1188           20     266968        136         561 eth_gl_cfg                    
209            24     266888        136         561 debug_d                       
191            56     266344        136         560 bundlemgr_checker             
248            12     266344        136         559 ospf_policy_reg_agent         
243            12     266344        136         559 eigrp_policy_reg_agent        
264             8     266344        136         558 pim_policy_reg_agent          
225             8     266344        136         558 rip_policy_reg_agent          
210             8     266344        136         558 pim6_policy_reg_agent         
127            36     299096        136         558 bag_schema_svr                
343             8     266344        136         557 mldp_policy_reg_agent         
363             8     266344        136         556 lisp_xr_policy_reg_agent      
287             8     266344        136         556 isis_policy_reg_agent         
270             8     266344        136         556 ospfv3_policy_reg_agent       
142            32     266996        136         556 tty_show_users_edm            
194             8     266344        136         555 igmp_policy_reg_agent         
1160           12     266360        136         554 spa_cfg_hlpr                  
144            36     266320        136         554 otn_sync                      
1081           12     266336        136         552 banner_config                 
320            32     266976        136         550 sysmgr_show_proc_all_edm      
206            16     266336        136         550 ipodwdm                       
67451          12     135784        136         549 sh_proc_mem_cli               
1217           24     266960        136         548 debug_drop_stats_edm          
394             8     266316        136         548 tcam_mgr_rp                   
261             8     267492        136         547 mempool_edm                   
204            16     266960        136         547 media_server                  
341            16     266968        136         546 procfind                      
120            20     266964        136         546 linux_nto_misc_showd          
1104            8     266324        136         545 fpd_auto_upgrade_config       
255             8     266848        136         545 tcl_secure_mode               
141            36     465008        136         545 ltrace_server                 
404             8     331864        136         544 aipc_cleaner                  
342             8     266968        136         543 meminfo_svr                   
315             8     266964        136         541 showd_server                  
67463          12     135272        136         509 sh_proc_memory                
223             8     266848        136         509 pam_manager                   
66771          16     266368        136         478 tty_exec_launcher             
69561         952        664        136           0 bash                          
69352         156        572        136           0 udevd                         
68946         952       1248        136           0 sh                            
68845         156        676        136           0 udevd                         
68802          48        692        524           0 crond                         
68756         376     156236        136           0 libvirtd                      
68738         176        172        136           0 lighttpd                      
68724         152        176        136           0 xinetd                        
68706          24       3484        136           0 klogd                         
68701          36        176        136           0 syslogd                       
68636          44        204        136           0 rpcbind                       
68626         700        428        136           0 sshd                          
68608         396        200        136           0 dbus-daemon                   
68129         156        680        136           0 udevd                         
68094         952        668        136           0 bash                          
68073         952        200        136           0 bash                          
67462         952        484        136           0 sh                            
67450         952        552        136           0 sh                            
67402           8      15908        136           0 perl                          
67389          32        172        136           0 sleep                         
67274           8      16020        136           0 perl                          
66085           8      82916        136           0 perl                          
66020         952        732        136           0 bash                          
1             280        336        136           0 init                          
RP/1/RP0/CPU0:NCS-6008-B#